641400.0 0
391940.819589 1
356754.193524 2
310898.129478 3
308616.590472 4
306755.374559 5
304804.690011 6
303174.711576 7
301678.917196 8
300280.483131 9
299041.724044 10
297829.097757 11
296709.085582 12
295626.815659 13
294589.469351 14
293585.75225 15
292615.086416 16
291662.385591 17
290727.956216 18
289803.559048 19
288891.987479 20
287992.294708 21
287102.227924 22
286220.093592 23
285343.884795 24
284475.559218 25
283614.550746 26
282759.235576 27
281908.108183 28
281060.316215 29
280215.399982 30
279373.125014 31
278534.840171 32
277698.958793 33
276865.575373 34
276033.913668 35
275204.889198 36
274378.03739 37
273554.113653 38
272732.621971 39
271913.289428 40
271095.206075 41
270277.619392 42
269460.564996 43
268644.259356 44
267830.594366 45
267019.240903 46
266209.437609 47
265400.725407 48
264594.826951 49
263796.019321 50
263003.705681 51
262224.523168 52
261469.684576 53
260745.270701 54
260033.716229 55
259349.275888 56
258701.318315 57
