641400.0 0
600450.900985 1
581965.659172 2
551996.583793 3
520821.969926 4
505781.427054 5
470386.818702 6
444764.217624 7
409411.64302 8
379551.975743 9
346575.978893 10
333641.272108 11
326177.441911 12
320035.818585 13
317948.943787 14
317681.925869 15
315394.432416 16
315025.036929 17
314367.865998 18
313910.547266 19
314414.77066 20
313736.866358 21
314241.215589 22
314865.069235 23
315547.98379 24
313572.674272 25
313007.919254 26
312598.847416 27
312240.862997 28
311648.076163 29
311870.346054 30
312000.567713 31
310938.481045 32
310385.874489 33
310165.282422 34
309939.07845 35
309950.781582 36
309683.867878 37
310352.059394 38
309350.123228 39
308802.986135 40
308648.058282 41
308591.741935 42
308251.791613 43
307901.826768 44
308545.16489 45
308131.688716 46
307981.777088 47
308906.660495 48
308470.072485 49
308084.470843 50
308196.979277 51
309206.298143 52
307947.110239 53
308520.13384 54
307165.843874 55
306534.17964 56
306756.595622 57
306383.606754 58
305901.791885 59
306214.02713 60
306348.003832 61
305898.409287 62
307967.798344 63
306980.3994 64
308091.337361 65
308394.345981 66
307512.234366 67
306287.379059 68
306140.318367 69
305680.344517 70
307387.648706 71
306353.748078 72
305671.541257 73
304923.547371 74
304387.505537 75
304405.507455 76
304373.694253 77
303898.751317 78
305189.703796 79
304378.745944 80
304046.696267 81
303198.778667 82
302997.162338 83
302760.913753 84
302449.562879 85
302483.518538 86
304102.895482 87
302504.287251 88
302230.55048 89
302277.129826 90
303000.201901 91
301670.139488 92
301708.394366 93
301314.833634 94
301366.022726 95
301680.212065 96
301167.538074 97
302455.651471 98
302367.938028 99
300613.453152 100
300274.401806 101
300239.565001 102
300324.499213 103
300842.083503 104
299943.016391 105
299787.972074 106
300645.338725 107
299667.40681 108
299422.078507 109
299348.348828 110
299509.229245 111
299732.63714 112
298778.36707 113
299145.470718 114
299062.418529 115
298756.943463 116
298693.11897 117
299266.736898 118
299763.794389 119
298311.368169 120
298405.125579 121
298599.049364 122
298905.228216 123
299842.953903 124
300641.499662 125
300091.916401 126
299029.216418 127
298152.095215 128
297433.025589 129
297297.972094 130
297264.20703 131
297536.31836 132
297327.597907 133
298220.796657 134
298565.946085 135
297639.084479 136
299678.797978 137
300999.493084 138
297666.485747 139
298474.648746 140
296065.205105 141
295905.313236 142
295961.80427 143
295318.336598 144
295438.54275 145
295304.844831 146
294995.756208 147
295001.403473 148
295682.859786 149
294517.657536 150
294794.991102 151
294660.002676 152
294444.835613 153
294409.868633 154
294193.512022 155
294017.752159 156
293901.253809 157
293901.239185 158
293907.332444 159
294237.618231 160
293602.204784 161
293318.082757 162
293220.045494 163
293044.822811 164
292992.036302 165
293272.662187 166
292761.827646 167
293680.518077 168
293011.764097 169
292117.528892 170
293599.706316 171
295869.662137 172
292708.671159 173
292190.503669 174
292218.081348 175
292090.340545 176
291930.013051 177
291144.389258 178
290717.037589 179
291380.823355 180
292777.69067 181
292324.092962 182
292256.730253 183
292844.981245 184
292254.03909 185
290615.677273 186
291237.574505 187
290217.077611 188
290110.384269 189
290112.400206 190
290154.386067 191
290006.110542 192
291229.721903 193
291659.051693 194
292662.403823 195
293418.496861 196
294004.72329 197
294461.058944 198
292093.975838 199
292857.157585 200
290834.998222 201
290702.686752 202
290125.460697 203
289911.368382 204
290135.15657 205
291793.810152 206
292307.573044 207
291580.412506 208
289804.636466 209
289174.413177 210
289905.695896 211
288569.614851 212
289582.642177 213
288003.462103 214
288189.404514 215
288863.553889 216
289106.713047 217
289166.686522 218
288545.71374 219
287959.799449 220
287332.94822 221
287145.093036 222
287292.306034 223
286833.622479 224
287028.183193 225
286698.94018 226
286710.688785 227
287003.854371 228
286686.589753 229
286332.846156 230
286261.638673 231
286176.463922 232
286887.180373 233
286514.236516 234
287030.455769 235
286464.963193 236
285976.812039 237
286213.982582 238
285788.651831 239
285745.388256 240
285894.825384 241
285558.946906 242
285472.438296 243
285393.603974 244
285251.204976 245
285592.243086 246
285840.761584 247
285416.205027 248
285805.689208 249
284968.403637 250
284708.091422 251
284829.694456 252
284580.98517 253
284623.843591 254
284766.754026 255
284993.588175 256
285929.673743 257
285997.255333 258
284936.060766 259
284862.767084 260
284604.516406 261
285111.411619 262
285484.425259 263
284813.939813 264
285746.009689 265
284339.079969 266
284137.023438 267
284071.006018 268
284428.032114 269
284633.149972 270
285425.870635 271
284204.33121 272
283871.321615 273
283779.232557 274
283693.006929 275
283907.220177 276
283620.290656 277
283023.975267 278
282826.962414 279
283191.095372 280
282766.141621 281
282631.473805 282
282596.787035 283
282612.248557 284
282474.883173 285
282035.155331 286
282100.087267 287
281671.984911 288
282511.714106 289
283646.546612 290
282214.909781 291
282156.508334 292
281937.555566 293
282212.853706 294
282329.347614 295
281823.470317 296
281927.00177 297
281746.541048 298
281602.639646 299
280977.882493 300
281295.375473 301
280943.628566 302
280971.24443 303
281205.559845 304
281215.522831 305
282219.849547 306
281169.751817 307
281613.042785 308
280263.526684 309
279950.865229 310
279772.238343 311
279673.58243 312
280083.171554 313
279696.3251 314
280355.922131 315
280449.606833 316
279941.425449 317
279382.560424 318
279273.129916 319
279726.111991 320
280736.129807 321
279420.370333 322
278807.583736 323
278559.165293 324
278957.565909 325
279092.775837 326
278108.903804 327
277841.806701 328
277714.960321 329
277646.353734 330
278046.804362 331
277521.97374 332
277314.886093 333
277260.67758 334
277163.869662 335
277887.661797 336
277320.815651 337
276866.326631 338
276815.174768 339
276749.994404 340
276451.236146 341
276323.735021 342
276368.31542 343
276772.491635 344
277857.961721 345
276867.155552 346
276870.38304 347
276812.700968 348
276764.874387 349
276260.408702 350
277396.355045 351
277816.591296 352
276303.386449 353
275657.367025 354
275844.214256 355
275617.229013 356
275520.897569 357
275549.773738 358
276483.901967 359
276052.159613 360
275346.78559 361
275424.263374 362
275495.299475 363
275213.441518 364
274915.355981 365
275212.40778 366
274913.06519 367
274824.032887 368
276888.906752 369
275909.472598 370
275330.748962 371
275423.782888 372
276777.519877 373
275564.256637 374
275780.763386 375
274913.842335 376
274593.828355 377
274835.269944 378
274451.12981 379
274096.616669 380
274455.050502 381
274641.97975 382
274295.658161 383
275996.458236 384
275701.275274 385
276683.008559 386
276933.361307 387
277126.431203 388
276010.75592 389
276190.096121 390
275743.099695 391
276772.447272 392
276756.560963 393
275190.586643 394
274833.915652 395
274148.0329 396
273469.371726 397
273242.138045 398
273085.993691 399
272955.294608 400
272843.899033 401
273420.914149 402
272455.775208 403
272629.125987 404
272057.364304 405
272043.15702 406
272075.114207 407
272677.012769 408
271926.994461 409
271638.855034 410
271659.764271 411
271962.8182 412
271623.641698 413
271569.073016 414
271269.535897 415
271205.444509 416
271488.18056 417
271061.774098 418
272163.320945 419
272665.325353 420
270978.47214 421
270594.528908 422
270708.432051 423
270813.292466 424
271495.127794 425
270523.48329 426
270238.028297 427
270189.2049 428
269939.133954 429
269957.07532 430
269909.737666 431
270156.123124 432
270224.610364 433
269628.853844 434
269561.960766 435
269563.947852 436
269537.069788 437
269640.886303 438
269864.105299 439
270057.967424 440
269082.872235 441
269054.26435 442
269293.227124 443
269789.779825 444
271249.189715 445
272209.782896 446
271799.590823 447
270591.031409 448
269545.31685 449
268680.520201 450
268339.16463 451
268421.305254 452
268865.118733 453
268282.584616 454
268547.319553 455
269137.088842 456
268640.110656 457
269581.597906 458
270972.041017 459
269432.912286 460
269930.626401 461
268124.117587 462
268192.982034 463
268308.618843 464
267410.025816 465
267095.713713 466
267383.928353 467
266724.296575 468
266867.421955 469
267333.872106 470
266534.355885 471
266151.404465 472
266085.130801 473
266277.829499 474
265937.255938 475
265779.977644 476
265737.303995 477
265599.621509 478
265605.817973 479
265651.968478 480
266067.515502 481
265189.823593 482
264958.627157 483
264840.243495 484
264678.761393 485
264664.34935 486
264801.931691 487
264579.641485 488
265369.370025 489
265065.341171 490
264537.618888 491
265362.992739 492
267232.529545 493
265573.982403 494
265106.083859 495
265099.41922 496
265570.154254 497
265695.235148 498
264806.569517 499
263231.971291 500
262872.57665 501
263384.396574 502
263372.842233 503
263503.69483 504
263586.257537 505
263154.761348 506
262528.838102 507
262677.497547 508
262852.480783 509
262534.650963 510
262401.828895 511
262482.024616 512
262141.5876 513
262575.529417 514
262989.771457 515
263536.227184 516
264018.515873 517
265389.924636 518
266577.584995 519
265058.74896 520
265729.184395 521
263976.61048 522
263858.534636 523
263180.602591 524
261915.476501 525
261815.147247 526
262405.757227 527
262866.265202 528
262691.811095 529
261899.888065 530
261736.328335 531
262106.281973 532
261521.913316 533
262406.663513 534
261062.441958 535
261097.360912 536
261624.768749 537
261653.203603 538
261675.600943 539
261216.17062 540
260797.064317 541
260320.016385 542
260263.210861 543
260143.90172 544
260028.155945 545
260245.526753 546
259897.241374 547
259916.031078 548
260394.785374 549
260110.310597 550
259465.946582 551
259680.545916 552
259593.81808 553
260420.11283 554
260272.176163 555
260842.377937 556
260191.701913 557
259512.215334 558
259938.743908 559
259252.568533 560
259040.874601 561
259261.553722 562
258965.280593 563
258894.408405 564
258932.574023 565
258890.921792 566
259109.857476 567
259313.546096 568
258918.276545 569
259122.457082 570
258638.876358 571
258426.848905 572
258509.752793 573
258445.339765 574
258472.676019 575
258584.604059 576
258662.370985 577
259260.803227 578
259323.05757 579
258777.72962 580
258712.837701 581
258622.023191 582
258794.826344 583
259026.928581 584
258585.546406 585
259195.778331 586
258347.697081 587
258058.640495 588
258051.78433 589
258099.243382 590
258330.074041 591
258845.768494 592
258091.015119 593
257974.96447 594
257891.357146 595
257818.662361 596
258179.477156 597
257942.968027 598
257551.116957 599
257134.483954 600
257938.001288 601
257418.506823 602
257120.808505 603
257188.793829 604
257118.183489 605
257009.729076 606
256648.705505 607
256853.968406 608
256235.498161 609
256553.213651 610
257142.312167 611
256418.205383 612
256366.967851 613
256268.962127 614
256464.722622 615
256497.077602 616
256154.068111 617
256196.035215 618
256222.185746 619
256128.698725 620
255892.971024 621
256109.836674 622
255885.805354 623
255925.806236 624
256013.009877 625
256350.490026 626
257200.073819 627
256237.605606 628
256832.643691 629
255860.348314 630
255561.485188 631
255414.318878 632
255403.048913 633
255832.060624 634
255463.935659 635
256357.14769 636
256493.376132 637
255840.500416 638
255401.953728 639
255261.893046 640
255710.301513 641
256513.780008 642
255231.380476 643
254699.501513 644
254512.840786 645
254780.174177 646
254882.778461 647
254194.566393 648
253994.381639 649
254017.002521 650
253983.620281 651
254350.363791 652
253844.915046 653
253671.60042 654
253593.652731 655
253543.390651 656
253958.408093 657
253609.187155 658
253499.271951 659
253367.267477 660
253261.519793 661
253279.265342 662
253147.927558 663
253536.96294 664
253989.079901 665
254719.171886 666
254108.678775 667
253925.265529 668
254058.589276 669
253819.537871 670
253410.427466 671
254126.322098 672
254424.540316 673
253511.125368 674
252951.146286 675
253360.128992 676
253129.474094 677
253023.256798 678
253093.291934 679
253704.2673 680
253191.708221 681
252677.450317 682
252597.854679 683
252637.331849 684
252451.340524 685
252216.236693 686
252422.313417 687
252223.390585 688
252059.099524 689
253302.82561 690
252697.591232 691
252975.903182 692
253029.947125 693
254442.136684 694
253409.416736 695
253579.496635 696
252811.971935 697
252554.778042 698
252782.229909 699
252598.065341 700
252084.194742 701
252504.797159 702
252680.677948 703
252410.927523 704
253495.358191 705
253597.77647 706
254122.492489 707
254314.205982 708
254425.834135 709
253585.678917 710
253717.302998 711
253374.697172 712
254148.625458 713
254122.496634 714
253171.605283 715
252874.615376 716
252304.930317 717
251558.518404 718
251263.397939 719
251295.569899 720
251000.101435 721
250953.195559 722
251100.839131 723
250769.801181 724
250780.497413 725
250601.746926 726
250575.315294 727
250582.580725 728
250622.042599 729
250466.741767 730
250313.337757 731
250344.959481 732
250511.68549 733
250327.932137 734
250413.410515 735
250328.231583 736
250064.32097 737
250096.337611 738
249963.440821 739
250426.776821 740
251241.086421 741
250202.142219 742
249891.941982 743
250009.788905 744
250257.157746 745
250635.055916 746
249889.891755 747
249885.597765 748
249589.644391 749
249508.865441 750
249379.96174 751
249373.825715 752
249445.031783 753
249581.750076 754
249266.626232 755
249391.940141 756
249350.491024 757
249232.811625 758
249234.23002 759
249329.556349 760
249428.597544 761
249116.131826 762
249179.955686 763
249384.041371 764
249608.920741 765
251201.893772 766
252216.406777 767
251874.967035 768
250871.05788 769
250272.88924 770
249432.404044 771
248997.809341 772
249080.440005 773
249725.902419 774
249021.422741 775
248837.030804 776
249196.077478 777
248992.709089 778
249741.974013 779
250768.55541 780
249934.633625 781
250375.528819 782
249117.222394 783
249099.756905 784
249234.66988 785
248753.977097 786
248572.173891 787
249269.220627 788
248502.006664 789
248970.649283 790
249951.977226 791
248771.355769 792
248174.069749 793
248098.56712 794
248711.167446 795
247991.584719 796
247811.423115 797
247908.868467 798
247769.640988 799
247772.909047 800
247740.533314 801
248056.244637 802
247531.740409 803
247431.839856 804
247449.226335 805
247398.996791 806
247451.87613 807
247297.275701 808
247224.156938 809
247484.399704 810
247294.93011 811
247075.162095 812
247309.913161 813
248361.141546 814
248084.462539 815
248189.975981 816
248219.188035 817
248598.797296 818
248773.669614 819
248047.478785 820
246842.719215 821
246639.92719 822
247049.269956 823
247187.983041 824
247158.253938 825
247210.465898 826
247060.98996 827
246552.725411 828
246676.169226 829
246642.820201 830
246759.549127 831
246622.470805 832
246646.465413 833
246456.112116 834
246777.82281 835
247093.158522 836
247185.779394 837
247466.910917 838
248982.62149 839
250311.105657 840
249052.691618 841
249321.476669 842
247933.846829 843
248093.002172 844
247504.298674 845
246614.860249 846
246267.777295 847
246391.853804 848
247007.787679 849
247095.201481 850
246434.345411 851
246343.071857 852
246761.761442 853
246208.621703 854
246981.570656 855
246220.922525 856
246460.183295 857
246724.526284 858
246810.638331 859
246672.874608 860
246474.557436 861
246131.526205 862
245865.843127 863
245828.652061 864
246004.115288 865
245670.573353 866
245782.627484 867
245594.298128 868
245602.25462 869
245850.648216 870
245589.852849 871
245378.070625 872
245518.419943 873
245743.843293 874
246474.799969 875
246403.42899 876
246877.706603 877
246523.096691 878
245902.624878 879
246233.138967 880
245788.558329 881
245515.522649 882
245632.596824 883
245564.245937 884
245476.182926 885
245274.07078 886
245179.951122 887
245504.149364 888
245667.814584 889
245326.774278 890
245519.612634 891
245130.503881 892
245058.096007 893
245207.814033 894
245031.013947 895
245069.204132 896
245165.188619 897
245245.008261 898
245559.751879 899
245598.325851 900
245209.069806 901
245152.245989 902
245080.723795 903
245338.50512 904
245443.739659 905
245241.461448 906
245725.619684 907
245142.129051 908
244869.06824 909
244889.013824 910
244844.271659 911
245078.669802 912
245646.494533 913
245012.317243 914
244878.852904 915
244827.444538 916
244768.418361 917
245051.295097 918
245048.858066 919
244706.853408 920
244499.696136 921
245469.76402 922
245031.5792 923
244605.566256 924
244712.690732 925
244671.02545 926
244700.054712 927
244311.682248 928
244543.444419 929
244017.636063 930
244272.733518 931
244714.489602 932
244171.026495 933
244149.369339 934
244070.445819 935
244275.887786 936
244308.162261 937
244074.572937 938
244105.353289 939
244058.819925 940
243989.926344 941
243850.728588 942
243982.194424 943
243919.255046 944
243991.278503 945
244100.755178 946
244297.898836 947
245241.286157 948
244626.961611 949
245256.367376 950
244460.863624 951
244336.945236 952
243964.152384 953
243917.787313 954
244566.684728 955
244175.794962 956
245144.101774 957
245352.339537 958
244642.175381 959
244126.44245 960
243990.907944 961
244520.686445 962
245388.93186 963
244309.196631 964
243681.312769 965
243421.228843 966
243742.055888 967
244177.638958 968
243312.336237 969
242966.179792 970
242875.929755 971
242846.287247 972
243068.928026 973
242763.654268 974
242699.992368 975
242693.532958 976
242702.687981 977
243217.090015 978
242760.711576 979
242628.170257 980
242531.9096 981
242472.210657 982
242682.543658 983
242500.568592 984
242886.568237 985
243274.575139 986
243920.107638 987
243391.561884 988
243235.572837 989
243377.995335 990
243179.105202 991
242852.10076 992
243512.644077 993
243771.872093 994
242981.878781 995
242647.524446 996
243062.062518 997
242711.210507 998
242609.210922 999
242710.879887 1000
243094.511684 1001
242720.893249 1002
242455.803084 1003
242454.549727 1004
242283.822138 1005
242153.168184 1006
241981.771656 1007
242122.159045 1008
241998.293569 1009
241879.057627 1010
242564.476495 1011
242292.323891 1012
242347.999178 1013
242531.43177 1014
243599.021559 1015
242798.219923 1016
242915.143498 1017
242509.648698 1018
242892.377966 1019
243131.11211 1020
242946.923984 1021
242449.465359 1022
242692.719566 1023
242870.872825 1024
242493.233251 1025
243649.226177 1026
243756.778028 1027
243977.971983 1028
244117.21743 1029
244208.436374 1030
243478.558918 1031
243611.457201 1032
243311.467359 1033
243979.760808 1034
243943.898116 1035
243140.001741 1036
242893.128725 1037
242801.882196 1038
241959.940824 1039
241626.577898 1040
241650.33068 1041
241475.117793 1042
241453.551118 1043
241621.151676 1044
241372.648506 1045
241734.425597 1046
241370.270073 1047
241345.811526 1048
241351.29633 1049
241716.019795 1050
241343.957935 1051
241226.395003 1052
241247.43752 1053
241394.674437 1054
241219.451387 1055
241380.577186 1056
241299.617755 1057
241044.834104 1058
241035.981871 1059
240993.692722 1060
241215.815067 1061
241996.683793 1062
241146.214369 1063
241010.210215 1064
241033.549372 1065
241200.374138 1066
241516.081302 1067
240936.81824 1068
240850.219889 1069
240819.766962 1070
240759.452148 1071
240760.768087 1072
240810.735253 1073
240958.57812 1074
240956.714484 1075
240667.811073 1076
240827.286603 1077
240735.517936 1078
240689.404673 1079
240675.770775 1080
240712.815871 1081
240764.16633 1082
240737.487601 1083
240946.596899 1084
241370.603047 1085
241639.960816 1086
242918.707914 1087
243862.600884 1088
243553.348249 1089
242624.759626 1090
242038.552655 1091
241216.269354 1092
240924.607434 1093
241018.045318 1094
241734.108709 1095
240948.357394 1096
240573.684043 1097
240857.172553 1098
240942.282969 1099
241469.287032 1100
242431.396037 1101
241915.969919 1102
242680.177611 1103
241294.222707 1104
241288.822989 1105
241293.756651 1106
240935.156959 1107
240924.157631 1108
241705.050111 1109
240689.494364 1110
241221.336445 1111
242430.569923 1112
241168.119634 1113
240521.536209 1114
240456.054456 1115
241160.832159 1116
240318.777318 1117
240311.296594 1118
240590.977758 1119
240434.682325 1120
240460.450837 1121
240443.773677 1122
240590.01272 1123
240037.685391 1124
239988.541058 1125
240110.602464 1126
240040.499493 1127
240058.26571 1128
239936.226038 1129
239893.956798 1130
240086.685075 1131
240178.102613 1132
239946.176042 1133
240287.460259 1134
241428.051972 1135
241137.115053 1136
241222.015351 1137
241302.201229 1138
241698.318331 1139
241917.041024 1140
241086.933178 1141
239851.960391 1142
239659.972305 1143
239922.034385 1144
240039.394154 1145
240015.075306 1146
240064.26383 1147
240031.603305 1148
239609.298932 1149
239750.170503 1150
239644.678346 1151
239797.830139 1152
239700.574951 1153
239839.950742 1154
239576.535778 1155
239873.872041 1156
240147.401509 1157
240218.960821 1158
240447.993583 1159
241877.153753 1160
243111.136991 1161
241969.463858 1162
242222.329761 1163
240915.154394 1164
241045.407216 1165
240364.944417 1166
239592.756791 1167
239395.037472 1168
239665.217264 1169
240384.13583 1170
240477.574345 1171
239945.089358 1172
239736.58445 1173
240211.352711 1174
239506.725632 1175
240102.88631 1176
239512.46619 1177
239741.29942 1178
240197.805567 1179
240276.222971 1180
240122.060222 1181
239924.203349 1182
239949.086055 1183
239477.552257 1184
239453.628381 1185
239578.604438 1186
239239.159105 1187
239361.609127 1188
239163.716559 1189
239165.031865 1190
239375.783427 1191
239123.825529 1192
239004.410292 1193
239024.257987 1194
239135.652084 1195
239703.51032 1196
239632.236994 1197
240020.325112 1198
239723.762185 1199
239361.962482 1200
239645.846514 1201
239256.223015 1202
239004.868842 1203
239075.898522 1204
239034.289894 1205
238968.478578 1206
238905.719609 1207
238886.921684 1208
239352.327839 1209
239535.743338 1210
239086.155831 1211
239388.913357 1212
238871.024052 1213
238806.017434 1214
239010.001797 1215
238854.164307 1216
238988.404208 1217
239217.305086 1218
239332.960025 1219
239678.612043 1220
239705.506474 1221
239139.802821 1222
239069.484862 1223
238981.999893 1224
239275.272641 1225
239237.364407 1226
239032.407137 1227
239483.548613 1228
238923.470166 1229
238728.279978 1230
238738.129223 1231
238720.287592 1232
239264.126349 1233
240002.693835 1234
239180.460314 1235
238975.264786 1236
238976.62635 1237
238814.473668 1238
239013.129894 1239
239014.515306 1240
238862.054529 1241
238663.423052 1242
239640.528836 1243
239359.875595 1244
238884.027686 1245
238890.119551 1246
238892.97691 1247
238823.539713 1248
238519.999283 1249
238704.744674 1250
238334.715131 1251
238590.178074 1252
239043.939597 1253
238580.146808 1254
238510.567994 1255
238436.868423 1256
238623.793667 1257
238689.050671 1258
238413.52508 1259
238439.671912 1260
238376.56813 1261
238345.691538 1262
238290.996452 1263
238352.153509 1264
238311.777463 1265
238607.135749 1266
238740.540045 1267
238723.930907 1268
239948.11599 1269
239339.344433 1270
240040.632316 1271
239614.068719 1272
239305.841553 1273
239081.777374 1274
239061.670431 1275
239403.889491 1276
238989.520663 1277
239615.377585 1278
240084.988077 1279
239389.830151 1280
238872.858654 1281
238759.416839 1282
239286.489583 1283
239882.343936 1284
238901.06822 1285
238364.642441 1286
238147.661395 1287
238404.88473 1288
238761.15793 1289
238188.301582 1290
237940.06228 1291
237912.372754 1292
237901.041914 1293
238124.029662 1294
237888.055817 1295
237888.201161 1296
237850.309116 1297
237796.762933 1298
237945.926651 1299
237791.720706 1300
237936.224695 1301
237768.506509 1302
237707.557467 1303
238058.199688 1304
237925.953317 1305
238317.183645 1306
238742.669996 1307
239647.956686 1308
238870.619258 1309
238715.582274 1310
238869.958691 1311
238890.454392 1312
238550.090762 1313
239313.630798 1314
239582.904283 1315
238748.842684 1316
238383.133425 1317
238966.496269 1318
238564.034774 1319
238447.45683 1320
238806.398266 1321
239062.487076 1322
238633.202979 1323
238317.259359 1324
238313.297141 1325
237974.968281 1326
237830.075037 1327
237656.676863 1328
237816.018662 1329
237603.334304 1330
237493.701688 1331
238036.70656 1332
237777.263514 1333
237841.840325 1334
237983.16499 1335
239158.780174 1336
238393.418405 1337
238505.873347 1338
238113.748723 1339
238493.889348 1340
238737.335359 1341
238561.937502 1342
238077.105954 1343
238306.098928 1344
238711.626297 1345
238531.568158 1346
239804.804381 1347
239672.242938 1348
239902.592235 1349
240023.177115 1350
240125.479031 1351
239381.235531 1352
239520.043162 1353
239213.805176 1354
239895.702441 1355
239849.798736 1356
239061.05796 1357
238819.443316 1358
238966.449345 1359
238180.056111 1360
237835.047526 1361
237821.231503 1362
237306.859244 1363
237453.790502 1364
237809.720282 1365
237354.65559 1366
237853.57077 1367
237482.642462 1368
237441.106397 1369
237393.165777 1370
237901.224506 1371
237328.887817 1372
237277.825974 1373
237318.233556 1374
237531.435116 1375
237172.420332 1376
237146.713114 1377
237098.676811 1378
237029.068494 1379
237054.038799 1380
236976.54564 1381
237161.080083 1382
238271.143194 1383
237326.849317 1384
237092.893279 1385
237122.435733 1386
237227.347148 1387
237407.639226 1388
236965.445235 1389
236915.746805 1390
236994.342097 1391
236900.488029 1392
237036.387241 1393
237097.084438 1394
237318.290604 1395
237313.806578 1396
236833.545261 1397
236832.482493 1398
236805.767829 1399
236819.913473 1400
236830.287721 1401
236864.248961 1402
236924.426613 1403
236981.912721 1404
237110.340377 1405
237513.027437 1406
237765.693955 1407
238977.069971 1408
239627.990703 1409
239647.795172 1410
238764.392057 1411
238224.808441 1412
237271.413565 1413
237031.871481 1414
237113.237691 1415
237732.316205 1416
237057.370683 1417
236872.400719 1418
237202.486287 1419
237278.457172 1420
237806.523408 1421
238748.466147 1422
238424.146763 1423
238930.204956 1424
237590.374735 1425
237820.879976 1426
237839.464911 1427
237670.394099 1428
237660.627172 1429
238296.248571 1430
237208.860956 1431
237803.735765 1432
238803.633318 1433
237405.603712 1434
236858.355756 1435
236813.847344 1436
237415.653117 1437
236805.836788 1438
236815.927105 1439
236968.459803 1440
236751.071595 1441
236766.346451 1442
236754.54965 1443
236852.561226 1444
236548.151271 1445
236537.316086 1446
236742.913615 1447
236654.12788 1448
236654.686667 1449
236501.445064 1450
236472.301639 1451
236646.66229 1452
236835.291147 1453
236607.789704 1454
236957.745699 1455
238026.046564 1456
238202.48966 1457
238283.394861 1458
238379.368084 1459
239134.945929 1460
239107.330405 1461
238250.384931 1462
236748.98829 1463
236421.899393 1464
236409.351101 1465
236483.141531 1466
236468.36476 1467
236504.640201 1468
236481.098891 1469
236389.876316 1470
236365.893394 1471
236603.247423 1472
236693.616157 1473
236552.974016 1474
236753.659207 1475
236356.989039 1476
236433.338974 1477
236608.826251 1478
236652.597232 1479
236809.485547 1480
237992.353565 1481
239090.660182 1482
238325.706071 1483
238317.308373 1484
237197.208835 1485
237110.966803 1486
236636.852401 1487
236224.710493 1488
236382.09737 1489
236547.260159 1490
237003.859508 1491
237082.683277 1492
236643.834964 1493
236492.183291 1494
236870.899739 1495
236323.896499 1496
236772.886634 1497
236400.342336 1498
236590.309077 1499
237002.722299 1500
237067.382036 1501
236920.115065 1502
236756.958767 1503
236775.474902 1504
236364.771283 1505
236356.388824 1506
236457.08476 1507
236121.230071 1508
236203.818196 1509
236110.064507 1510
236111.301117 1511
236278.43745 1512
236053.491263 1513
236016.962724 1514
236009.566332 1515
236188.681647 1516
236627.353231 1517
236697.540869 1518
236889.831141 1519
236619.281589 1520
236222.557347 1521
236430.292921 1522
236048.233229 1523
235962.800258 1524
236002.489129 1525
235982.031279 1526
235946.257368 1527
236071.234719 1528
236060.292009 1529
236729.619436 1530
236946.086597 1531
236376.036262 1532
236807.854022 1533
236201.337317 1534
236009.109546 1535
235921.615266 1536
235892.745666 1537
235897.913887 1538
235995.761908 1539
236246.585008 1540
236527.930067 1541
236687.618798 1542
236183.179509 1543
236133.754509 1544
236162.527353 1545
236461.898562 1546
236420.537819 1547
236143.629759 1548
236551.901656 1549
236008.789699 1550
235860.190728 1551
235848.412849 1552
235896.080527 1553
236496.003323 1554
237286.386718 1555
236402.379238 1556
236206.878202 1557
236105.477191 1558
235954.213811 1559
236135.524224 1560
236146.905814 1561
236011.951254 1562
235827.42512 1563
236538.274974 1564
236290.656982 1565
235909.62349 1566
235922.139193 1567
236077.312082 1568
236015.395017 1569
235748.474225 1570
235918.565262 1571
235634.936942 1572
235727.455842 1573
236014.843262 1574
235714.55038 1575
235686.931514 1576
235648.104067 1577
235820.858643 1578
235804.533489 1579
235639.466599 1580
235756.387622 1581
235697.817054 1582
235671.921659 1583
235618.825691 1584
235672.117617 1585
235629.219977 1586
235840.611625 1587
235958.28358 1588
235932.361334 1589
237078.301977 1590
236663.830506 1591
237361.080661 1592
237206.200819 1593
236883.58486 1594
236648.645391 1595
236473.711101 1596
236809.805521 1597
236595.761147 1598
237042.201031 1599
237505.880845 1600
236816.417543 1601
236309.405067 1602
236198.084681 1603
236727.548595 1604
237313.528903 1605
236356.096622 1606
235979.213357 1607
235720.542065 1608
236023.000021 1609
236245.466533 1610
235674.762758 1611
235413.700399 1612
235343.370363 1613
235329.021763 1614
235453.700556 1615
235309.682387 1616
235305.489521 1617
235298.293573 1618
235296.8432 1619
