641400.0 0
615952.0007 1
589781.2195 2
563196.728277 3
537742.568404 4
514603.627045 5
492041.671781 6
470651.646011 7
452622.431544 8
423029.694796 9
398229.589821 10
374280.637255 11
349593.185435 12
372600.051308 13
351514.369071 14
368613.708481 15
346556.049761 16
327818.999286 17
342275.210329 18
359981.620398 19
384880.477373 20
360185.91557 21
381205.120795 22
405391.498554 23
382023.437073 24
402811.83508 25
378069.321728 26
400491.632504 27
423203.967237 28
399209.904522 29
415485.441459 30
433869.411021 31
406663.990526 32
388061.922521 33
364655.512514 34
386593.753531 35
404724.132905 36
384379.699231 37
367785.283382 38
347288.997721 39
330322.71752 40
320798.42467 41
320807.912518 42
314136.520861 43
314141.294599 44
314146.06786 45
311662.29307 46
311662.86383 47
312950.356972 48
311294.769224 49
311294.424736 50
311294.080283 51
315038.634505 52
315033.07583 53
315027.51771 54
310597.202482 55
310596.842751 56
314548.150608 57
314542.615781 58
314537.081508 59
314531.547788 60
314526.014621 61
314520.482008 62
311453.014505 63
311451.056192 64
311449.098074 65
311447.140153 66
311445.182428 67
310400.056284 68
310402.374267 69
310404.692019 70
310407.009538 71
310409.326826 72
310411.643882 73
313608.937656 74
310040.095649 75
310042.183028 76
310044.270198 77
313899.767154 78
313906.743266 79
321744.472221 80
333580.160946 81
321682.513499 82
315543.265093 83
323362.5992 84
314019.407282 85
321138.144861 86
313778.037979 87
313785.269865 88
322394.93787 89
332299.615511 90
319893.133704 91
313179.192142 92
309673.970916 93
310708.200625 94
310706.189292 95
310704.17816 96
315406.286782 97
321358.775806 98
315043.830051 99
310720.813864 100
310717.976769 101
316495.543398 102
311307.183188 103
311304.372457 104
314347.734625 105
314341.514237 106
314335.294471 107
309836.50141 108
309833.837747 109
309831.174349 110
308118.532014 111
309696.373735 112
314693.833086 113
309067.385063 114
312598.094932 115
312592.351907 116
308844.605624 117
307965.771841 118
307966.6986 119
307967.634517 120
309919.993283 121
308163.851269 122
309084.327687 123
307956.897554 124
309963.057184 125
309969.476561 126
308079.333827 127
308081.795002 128
308084.261207 129
308086.763155 130
311424.865887 131
318580.487929 132
327948.744379 133
316273.071741 134
327498.807437 135
316871.292377 136
311652.656037 137
311659.621059 138
317261.26746 139
327182.400989 140
315927.006255 141
315937.599943 142
315948.192572 143
315958.784142 144
309408.025475 145
309413.623761 146
315224.503666 147
323829.574965 148
323843.621896 149
313834.67415 150
313844.297871 151
320977.312654 152
320990.434411 153
312304.504711 154
306750.819094 155
311320.569664 156
306031.429206 157
306036.92145 158
304256.67053 159
304037.680566 160
303749.061108 161
306389.775052 162
311255.300319 163
311248.809983 164
311242.328285 165
311235.847236 166
305040.100324 167
309780.262673 168
309774.420296 169
304930.687464 170
304927.81738 171
302044.024447 172
302863.899015 173
302869.255611 174
302874.61167 175
301831.427322 176
304002.200779 177
301479.253049 178
304343.728484 179
304340.857595 180
310142.000592 181
303849.106743 182
301672.575157 183
302267.64305 184
302272.763469 185
302277.883377 186
302283.002773 187
301086.905876 188
302479.484141 189
305711.091012 190
312856.289451 191
306537.75085 192
306533.017057 193
301851.804731 194
305612.271429 195
305607.772984 196
305603.274989 197
305598.777443 198
300560.514981 199
305694.065866 200
305689.189641 201
305684.313904 202
302207.6943 203
302205.836013 204
300744.862387 205
300746.004484 206
303729.507361 207
303726.621392 208
303723.735713 209
303720.850322 210
309497.807454 211
309491.702454 212
309485.598066 213
309479.494288 214
309473.39112 215
303436.764114 216
309876.625209 217
309870.171528 218
309863.718492 219
302949.265955 220
299156.191767 221
298551.604339 222
301622.456961 223
298000.243581 224
298004.087203 225
301697.406907 226
298100.53099 227
298104.669422 228
299854.627251 229
298134.983213 230
298139.116196 231
298143.256492 232
298147.397348 233
298151.53779 234
298155.678455 235
297879.142203 236
301457.363841 237
301454.501084 238
298728.429837 239
298728.612574 240
298728.798851 241
298728.998751 242
298451.034938 243
298220.866275 244
298171.149883 245
298174.861745 246
298178.587391 247
298182.316191 248
298186.052941 249
298317.597487 250
302166.165217 251
302162.797527 252
298981.450611 253
302249.38557 254
308939.017305 255
303589.01263 256
299495.85845 257
299495.646245 258
299485.172388 259
300895.922733 260
300901.604322 261
300907.285343 262
300912.965796 263
300918.645681 264
304698.24595 265
300931.088754 266
305334.162429 267
305343.348294 268
305352.533241 269
305361.717269 270
313776.926515 271
305358.864496 272
310413.222799 273
303873.22987 274
303882.063427 275
299531.167653 276
299536.616116 277
299542.064035 278
298405.020852 279
298407.26503 280
298409.508982 281
298411.752711 282
298413.997558 283
299920.471307 284
299919.664909 285
299918.86985 286
299918.086688 287
298084.001261 288
298086.521139 289
299748.972162 290
299754.548445 291
299187.560876 292
300214.438443 293
297437.087956 294
299562.841847 295
303960.033171 296
303969.553444 297
303979.080469 298
303988.612042 299
298385.89396 300
298392.66255 301
298399.430464 302
302847.747584 303
302857.433818 304
298562.4352 305
303447.795182 306
297815.852577 307
297822.09737 308
303205.669314 309
298411.483068 310
298417.853099 311
295443.724008 312
295447.395314 313
297468.459066 314
297475.372199 315
294404.104859 316
296745.343452 317
296752.848097 318
294083.122319 319
297422.232889 320
303565.053242 321
297240.353184 322
294197.807516 323
297934.931428 324
297943.701573 325
294068.396144 326
292473.646247 327
292476.028261 328
293665.248741 329
293664.355193 330
291890.856642 331
291893.348534 332
293925.128816 333
293924.141281 334
293923.153844 335
293922.166505 336
293921.179266 337
299165.203292 338
299161.072348 339
299156.941818 340
299152.8117 341
294471.850814 342
294470.341106 343
294468.831548 344
291677.046452 345
293883.67753 346
293882.51499 347
293881.353215 348
291518.674136 349
292709.156997 350
290869.589905 351
292638.764242 352
290802.154046 353
290805.512259 354
290808.884419 355
290812.267108 356
290815.651527 357
291187.373594 358
290471.287815 359
291386.600749 360
291386.861565 361
293300.469588 362
293298.705916 363
293296.942421 364
293295.179103 365
291016.434875 366
293074.307274 367
290909.451572 368
290909.930102 369
290910.415136 370
289910.675389 371
291019.749295 372
291025.716097 373
291031.682301 374
291037.64791 375
295672.390613 376
295681.216951 377
295690.042406 378
292231.202159 379
292237.943916 380
292244.684999 381
292251.425408 382
297581.609377 383
292789.26624 384
290275.056243 385
292352.878456 386
292360.025646 387
296143.979828 388
291696.773761 389
290523.532691 390
290526.210085 391
292228.859792 392
292228.623519 393
290945.928644 394
290947.887228 395
290848.257281 396
291273.611644 397
290840.5388 398
290845.523022 399
290732.129824 400
290733.729231 401
290735.333263 402
293264.814387 403
293263.454757 404
295676.591358 405
295673.380473 406
295670.169909 407
290721.839532 408
292607.685811 409
289875.177034 410
289524.549181 411
291865.033599 412
291872.299172 413
291879.564017 414
291886.83341 415
298624.945594 416
292860.000817 417
292868.141293 418
288853.022341 419
288573.525128 420
288575.323261 421
288515.114292 422
288520.179755 423
287789.242086 424
288440.44092 425
292312.906173 426
292321.205757 427
292329.504511 428
292337.807602 429
292346.113396 430
297327.841105 431
306371.759754 432
306382.915553 433
298830.399546 434
298840.414881 435
306163.503137 436
297862.841131 437
291681.488687 438
297551.124847 439
305086.153079 440
298444.490621 441
298454.641346 442
298464.791056 443
298474.939751 444
291486.88997 445
287875.029588 446
290140.261707 447
290147.995555 448
286553.075337 449
286558.638003 450
286101.216522 451
286103.86948 452
286106.528566 453
287378.301751 454
291070.492254 455
294601.803467 456
289106.286666 457
285589.424994 458
285590.675224 459
289319.421074 460
289317.619503 461
289315.818113 462
289314.016903 463
289312.215873 464
294470.521809 465
294466.271928 466
288897.421342 467
294518.691006 468
302221.017259 469
302214.164227 470
295022.077497 471
295017.436259 472
289144.21247 473
289142.088119 474
285455.22487 475
283461.997485 476
283465.473255 477
285073.884667 478
285080.078362 479
287748.282264 480
287756.464106 481
292944.686919 482
292954.243622 483
292963.799368 484
287344.181895 485
292629.045391 486
292638.528057 487
287430.106901 488
287438.30316 489
283498.112206 490
283504.229764 491
283510.34671 492
283516.464579 493
286668.54967 494
292211.697491 495
286572.156585 496
293119.53361 497
293129.046427 498
297645.053504 499
297655.293068 500
291604.730036 501
291614.182007 502
285913.908981 503
285921.778359 504
285929.646951 505
282687.475615 506
283930.83012 507
287585.802431 508
287594.768619 509
287603.733911 510
287612.701116 511
287621.673415 512
283614.437813 513
283621.929733 514
283629.428008 515
283636.925533 516
283644.422308 517
288785.956143 518
288795.057516 519
284184.484879 520
289755.393097 521
285319.567226 522
281441.621203 523
281447.4692 524
281453.31882 525
280332.2273 526
281839.778631 527
280226.56321 528
281673.033954 529
281679.833681 530
284345.531643 531
284353.914555 532
284362.29663 533
284370.677866 534
284379.065896 535
284387.460147 536
280882.804753 537
283368.223098 538
279394.486619 539
278642.933654 540
279259.822424 541
278507.153804 542
279670.223798 543
283503.638216 544
279479.977295 545
279481.48566 546
278354.020609 547
279692.386209 548
278264.852094 549
278553.629287 550
278555.801486 551
278557.973468 552
281752.611335 553
278807.513784 554
277856.989527 555
277844.508674 556
278187.559647 557
278192.378854 558
278550.453855 559
278254.8711 560
278259.411385 561
278263.968407 562
280385.218444 563
283411.465241 564
287999.099002 565
288008.497456 566
293345.267188 567
286316.797383 568
286326.170466 569
286335.542613 570
286344.913822 571
286354.284094 572
282444.658278 573
286397.621756 574
292947.290428 575
292957.208061 576
292967.130255 577
286396.858013 578
293730.391713 579
300863.983925 580
300874.470488 581
300884.962414 582
309251.79843 583
300381.032413 584
292311.092079 585
285092.62819 586
290110.790987 587
290120.600968 588
290130.409967 589
284430.97232 590
284440.007696 591
279723.823512 592
277199.692878 593
280367.768615 594
280375.592007 595
277283.472271 596
277289.191082 597
277294.909322 598
276719.319983 599
276723.186367 600
276727.058007 601
278333.815923 602
278335.6237 603
276871.285095 604
277378.654986 605
277380.437478 606
280045.520694 607
284986.669084 608
284984.368405 609
280306.547083 610
280306.393786 611
277858.99347 612
277861.089129 613
277863.184578 614
276920.728327 615
276924.801213 616
277290.100981 617
277147.065535 618
277151.957287 619
277240.367051 620
277243.146172 621
277245.925016 622
277248.703581 623
277251.481869 624
277254.259879 625
277149.239627 626
277154.105661 627
277158.97121 628
277163.836271 629
279508.551911 630
282490.379229 631
287946.729899 632
294248.15686 633
288026.174215 634
281951.50156 635
278766.667051 636
278773.739941 637
276263.133195 638
276268.336339 639
275973.73117 640
275725.054735 641
275729.793185 642
275352.100376 643
276897.959839 644
276899.103397 645
275251.525434 646
275254.771036 647
277104.515398 648
277105.5387 649
275017.934804 650
275020.711482 651
276730.786556 652
276731.53183 653
275004.596393 654
273997.929055 655
274408.271942 656
275836.449412 657
275837.35052 658
280090.968355 659
280089.91121 660
280088.854171 661
280087.797238 662
280086.740411 663
280085.683689 664
280084.627073 665
280083.570562 666
280082.514157 667
275805.917697 668
279231.432146 669
279230.584954 670
279229.745265 671
279228.906442 672
279228.067703 673
275103.949459 674
275105.289016 675
275106.628439 676
275107.967728 677
275109.306883 678
275110.646403 679
275111.993591 680
275113.340644 681
275114.687562 682
275116.034345 683
275117.382189 684
273453.786622 685
273457.440796 686
273569.946817 687
273687.120061 688
273690.704636 689
273984.947335 690
273990.587295 691
273996.226691 692
273646.128893 693
273453.831887 694
276193.830994 695
280593.181279 696
286213.159976 697
294196.068203 698
287047.765674 699
281092.811032 700
281101.88976 701
286613.676908 702
293899.723776 703
302323.22914 704
292805.802949 705
286088.225852 706
294280.047223 707
286964.156588 708
293861.382931 709
286888.935805 710
286898.124462 711
293839.934416 712
301456.653031 713
293048.892388 714
302027.77837 715
293938.32475 716
286798.480309 717
286807.736413 718
280329.732069 719
280338.600547 720
280347.468139 721
280356.334844 722
280365.200662 723
280374.065593 724
275672.963333 725
280690.425064 726
287354.764777 727
281137.404017 728
287690.158346 729
294190.338383 730
287541.550044 731
294836.65833 732
303031.812611 733
294535.436897 734
303551.775627 735
303561.474396 736
295967.653162 737
287688.061559 738
287697.4383 739
280833.350844 740
274898.418641 741
272332.759343 742
271430.315107 743
271434.300649 744
271751.515724 745
271754.208717 746
271756.901442 747
271759.606741 748
270610.160355 749
270614.264885 750
270618.369004 751
271145.493761 752
270447.516918 753
270451.590512 754
270455.6637 755
270459.736479 756
270700.294859 757
269591.526681 758
269595.452567 759
269599.384567 760
269605.246939 761
269611.023387 762
269616.803229 763
269622.584642 764
269628.371828 765
269634.158436 766
269639.944465 767
269645.729915 768
272190.120055 769
269168.446698 770
268363.377092 771
269579.766741 772
269582.080409 773
269584.401327 774
269586.722831 775
268372.046029 776
268376.473569 777
268380.900665 778
268385.334117 779
268389.768728 780
268394.20495 781
269053.107694 782
268745.304441 783
268630.405916 784
270182.49827 785
270184.330267 786
273303.210599 787
273303.26842 788
270040.668839 789
270042.607116 790
270044.545199 791
270046.483089 792
268652.203755 793
270372.210715 794
268525.861498 795
268900.983184 796
268906.321431 797
268911.660431 798
268917.006009 799
268922.351054 800
271391.661477 801
271398.870255 802
271406.078312 803
271413.285648 804
269091.814653 805
272126.858993 806
272134.164251 807
272141.468779 808
269544.375087 809
273129.586109 810
269323.371738 811
269328.978545 812
271782.956484 813
271790.004633 814
268910.746123 815
270838.84816 816
268952.410467 817
269611.86697 818
269614.696828 819
271503.538657 820
275549.591315 821
279445.473406 822
279443.372802 823
279441.272408 824
279439.172224 825
279437.07225 826
274340.253339 827
274340.174058 828
278623.398825 829
278621.656429 830
278619.914207 831
285714.057026 832
279081.557896 833
279079.675626 834
279077.799604 835
273847.019621 836
278640.932587 837
278639.204438 838
278637.476463 839
273122.540997 840
278341.173983 841
278339.475811 842
278337.77781 843
278336.079978 844
273865.381983 845
273865.698492 846
273866.014969 847
278492.029255 848
278490.395998 849
278488.762904 850
278487.129974 851
278485.501984 852
278483.87738 853
278482.252938 854
273583.569483 855
273583.953534 856
273584.338685 857
273584.723796 858
273585.10887 859
273585.494137 860
273585.887233 861
273586.28029 862
270259.831259 863
269037.271033 864
269041.25665 865
270116.761259 866
268906.186858 867
269192.991286 868
269198.772331 869
270857.021082 870
268531.938344 871
269398.915614 872
273116.94649 873
268920.779446 874
268926.903812 875
268933.027565 876
267229.919786 877
267234.302737 878
268594.431064 879
267423.529783 880
267427.358972 881
268184.426888 882
268190.191888 883
267522.048292 884
267526.03163 885
268550.136424 886
268552.514553 887
268554.900152 888
270599.60282 889
275179.481488 890
270590.158825 891
273704.915466 892
280063.428065 893
280060.793735 894
275114.809446 895
275113.847007 896
270315.112011 897
270315.978164 898
270316.848507 899
270317.718764 900
270318.588933 901
270319.459016 902
268317.279931 903
271081.702993 904
271082.623645 905
271083.553284 906
271084.487871 907
271085.422365 908
273518.274009 909
279698.650314 910
273789.339811 911
273789.020719 912
273788.701658 913
273788.389988 914
277957.540754 915
277955.55444 916
277953.582786 917
277951.611369 918
277949.642048 919
277947.679025 920
277945.722088 921
277943.767457 922
285437.897015 923
285433.891765 924
277776.333653 925
272251.108419 926
268747.168917 927
268748.777741 928
272971.693404 929
272971.376074 930
272971.059569 931
272970.750403 932
277191.471584 933
277189.424377 934
277187.377373 935
277185.330575 936
277183.283981 937
277181.237592 938
271861.428653 939
271861.206149 940
271860.989353 941
271860.774994 942
271860.560655 943
277224.081757 944
271520.317133 945
271520.25834 946
267613.151455 947
267614.569677 948
271581.448498 949
271581.242591 950
271581.036704 951
271580.830838 952
271580.62616 953
268565.986827 954
268567.018165 955
273204.799331 956
279262.580789 957
287093.321465 958
279514.991652 959
279512.364217 960
279509.744916 961
273696.003526 962
269186.662711 963
269187.548982 964
269188.435164 965
269189.321257 966
269190.207261 967
269191.093177 968
273802.335666 969
273801.372568 970
278102.943078 971
278100.608719 972
272793.262429 973
268310.695124 974
268311.59159 975
268312.494126 976
265430.018578 977
264197.524819 978
265533.257912 979
264325.489762 980
264330.129549 981
264334.768871 982
263957.415575 983
263960.856468 984
264594.063521 985
264598.70685 986
265513.777612 987
265519.944669 988
264347.801749 989
264352.127302 990
264356.452423 991
265665.541783 992
265668.207863 993
265670.873676 994
265673.539222 995
265676.204502 996
265678.877565 997
265681.550611 998
264536.017242 999
265403.421901 1000
264392.413504 1001
264396.580196 1002
264400.746472 1003
264404.916667 1004
265306.030869 1005
268108.691544 1006
268109.587608 1007
272638.723544 1008
267701.961704 1009
270080.001878 1010
270079.964811 1011
275699.143172 1012
283135.948853 1013
289569.544552 1014
281340.182383 1015
281336.921897 1016
274421.167628 1017
274419.513442 1018
274417.859422 1019
278502.366254 1020
271595.492197 1021
266345.980849 1022
264497.888667 1023
264499.944581 1024
267657.184009 1025
267657.671952 1026
264383.265325 1027
264385.615132 1028
263215.345449 1029
263219.865846 1030
263224.391544 1031
263228.922839 1032
264012.307034 1033
264014.915337 1034
265570.199793 1035
265571.569571 1036
265572.943147 1037
265574.316586 1038
263075.137975 1039
265201.995155 1040
263278.500551 1041
263281.072034 1042
263283.645192 1043
263286.231509 1044
262361.388817 1045
262365.747611 1046
263420.959912 1047
262424.205985 1048
263253.148739 1049
263255.803969 1050
263258.466922 1051
265415.980452 1052
265416.797286 1053
265417.614039 1054
265418.43071 1055
268721.401558 1056
268720.74935 1057
268720.097207 1058
268719.445129 1059
268718.793117 1060
268718.141169 1061
268717.489287 1062
268716.837471 1063
268716.185719 1064
268715.534033 1065
274906.226226 1066
274903.801435 1067
274901.376887 1068
274898.956264 1069
274896.5401 1070
270070.822634 1071
270069.8367 1072
265678.287837 1073
265678.977939 1074
265679.667973 1075
262571.01041 1076
262573.88324 1077
262576.755783 1078
261453.488379 1079
261892.870371 1080
264212.213561 1081
264219.393769 1082
268179.729001 1083
274061.253365 1084
274069.306367 1085
268680.459411 1086
268688.170692 1087
268695.888754 1088
275435.761844 1089
275443.673095 1090
275451.583555 1091
270263.26762 1092
270270.880285 1093
264926.128486 1094
261312.325069 1095
261318.386027 1096
261324.460914 1097
264789.643815 1098
264796.822275 1099
264804.012974 1100
268979.889399 1101
263487.156548 1102
268318.634766 1103
268326.024826 1104
264397.789256 1105
264404.8839 1106
270374.194507 1107
264691.871142 1108
264698.966877 1109
264706.061903 1110
261274.715755 1111
259303.878775 1112
262073.528301 1113
262080.259671 1114
259315.241304 1115
259320.541002 1116
259325.84017 1117
259331.138808 1118
259336.436917 1119
259341.734495 1120
258996.242301 1121
260494.210666 1122
260496.223268 1123
260498.235669 1124
260500.247868 1125
260502.259867 1126
263818.912209 1127
263819.233331 1128
260259.338716 1129
260261.629207 1130
260263.926584 1131
260266.229517 1132
262845.306318 1133
259756.33022 1134
258454.932864 1135
258458.905693 1136
258462.878126 1137
259823.469113 1138
258624.937835 1139
258628.769665 1140
259254.183237 1141
260300.968856 1142
260302.754681 1143
260304.540328 1144
260306.325796 1145
260308.111086 1146
258558.818969 1147
258562.25501 1148
258565.690708 1149
260685.827772 1150
260687.215846 1151
260688.623048 1152
258326.772246 1153
260565.206117 1154
260566.585519 1155
259398.185512 1156
261932.900549 1157
265172.228413 1158
270768.284401 1159
270766.258666 1160
270764.237763 1161
265021.754624 1162
265021.392572 1163
265021.034597 1164
265020.680516 1165
261131.444894 1166
261132.775673 1167
259110.400868 1168
261024.270526 1169
261025.592023 1170
261026.913389 1171
261028.234622 1172
261029.555724 1173
261030.876693 1174
258892.472878 1175
260367.135615 1176
260369.138827 1177
260371.148733 1178
258450.689485 1179
258454.312199 1180
260876.906775 1181
260878.506029 1182
258894.505153 1183
258897.863013 1184
258901.225708 1185
258904.597914 1186
258907.975881 1187
260753.851553 1188
265106.492791 1189
265106.227468 1190
265105.962171 1191
261572.987397 1192
258609.475245 1193
257748.431585 1194
258379.041921 1195
258381.877341 1196
258384.712477 1197
257608.455585 1198
257613.407464 1199
257618.358848 1200
258028.806532 1201
260043.860128 1202
257821.655624 1203
257825.215283 1204
257828.774587 1205
257832.333534 1206
257973.233669 1207
258074.077044 1208
258077.810162 1209
258081.542906 1210
259514.647366 1211
262362.532069 1212
259003.476007 1213
259005.587227 1214
259007.704424 1215
259009.827578 1216
261866.627657 1217
261867.248418 1218
261867.869117 1219
261868.489754 1220
258242.881547 1221
257393.659686 1222
257397.205944 1223
259964.439549 1224
264198.782399 1225
259962.944879 1226
259964.448509 1227
263839.506111 1228
263839.310684 1229
263839.121044 1230
263838.933556 1231
263838.746086 1232
263838.558636 1233
267478.948086 1234
267477.742915 1235
267476.537864 1236
267475.332933 1237
263264.538359 1238
266982.494231 1239
266981.294304 1240
266980.094496 1241
262289.820489 1242
258606.541491 1243
258608.348758 1244
258610.155845 1245
257016.190374 1246
257019.593376 1247
256974.561063 1248
256979.817528 1249
256985.073467 1250
256743.206687 1251
256746.81539 1252
256750.428329 1253
256754.040906 1254
256757.653123 1255
256761.264978 1256
257650.850764 1257
257656.1964 1258
257661.541501 1259
259733.617448 1260
257533.297391 1261
257538.86374 1262
260152.548391 1263
260159.181357 1264
260165.815828 1265
260172.455768 1266
260179.095043 1267
260185.737386 1268
260192.383633 1269
257102.679664 1270
257107.956117 1271
258972.554449 1272
256751.348028 1273
256756.409653 1274
256761.475334 1275
258242.661883 1276
258248.946338 1277
258255.230164 1278
261850.60521 1279
258561.814367 1280
263313.379512 1281
259422.9322 1282
259429.703029 1283
262966.225067 1284
267888.293424 1285
273505.266837 1286
273512.885632 1287
267814.215242 1288
271968.763854 1289
279382.241808 1290
279389.554003 1291
279396.865467 1292
279404.1762 1293
279411.486201 1294
288573.918346 1295
288580.705672 1296
279967.59268 1297
279974.718539 1298
279981.84741 1299
288407.75833 1300
288414.544672 1301
279785.692999 1302
289236.395739 1303
280603.285192 1304
280610.287581 1305
280617.291038 1306
271927.943391 1307
271935.241113 1308
265109.201278 1309
260352.912265 1310
260359.835289 1311
260366.757621 1312
265898.462956 1313
270956.863776 1314
270964.338606 1315
279457.999614 1316
271858.190448 1317
265463.253015 1318
270607.956087 1319
270615.683007 1320
276205.785167 1321
285024.04754 1322
276747.999724 1323
276755.555339 1324
269649.02875 1325
277641.416117 1326
270562.542071 1327
278922.627483 1328
286614.154248 1329
278940.453047 1330
278947.322613 1331
271478.546912 1332
265331.2584 1333
260172.991274 1334
264813.601904 1335
264820.880197 1336
259271.827135 1337
259278.311462 1338
259284.795141 1339
259291.278172 1340
259297.760554 1341
259304.242288 1342
259310.728937 1343
259317.226174 1344
259323.722762 1345
256628.551264 1346
255431.405322 1347
256314.30689 1348
256319.69867 1349
258729.830955 1350
256540.035478 1351
256071.839284 1352
256075.694611 1353
256079.549552 1354
256083.404108 1355
255976.753501 1356
255981.95829 1357
255056.458737 1358
255060.425801 1359
256298.667159 1360
259440.703439 1361
259441.483278 1362
263907.952872 1363
267349.140386 1364
267347.68138 1365
261920.638464 1366
261920.408597 1367
261920.182065 1368
261919.955555 1369
261919.729068 1370
261919.503347 1371
261919.284805 1372
261919.066285 1373
261918.853073 1374
267531.04879 1375
267529.442393 1376
261594.727716 1377
261594.759048 1378
261594.791482 1379
257782.825115 1380
257784.390742 1381
257785.95827 1382
257787.531584 1383
257789.104741 1384
255230.770114 1385
256974.618991 1386
256976.301607 1387
256977.994911 1388
254899.120335 1389
257015.876646 1390
257017.498059 1391
255558.004692 1392
255560.870501 1393
256985.176864 1394
256986.970257 1395
256988.771347 1396
256990.57638 1397
254932.35219 1398
255850.839043 1399
255853.121869 1400
254203.663488 1401
254391.32586 1402
254396.279036 1403
254401.233108 1404
254406.193493 1405
254411.1709 1406
254416.150292 1407
254421.129185 1408
254426.10758 1409
254431.085478 1410
256759.728771 1411
254120.028403 1412
253653.639329 1413
254027.937696 1414
255622.688199 1415
258861.016447 1416
255440.06622 1417
259409.615694 1418
259410.031638 1419
255727.322721 1420
255729.113494 1421
255730.904088 1422
255732.694504 1423
253451.166 1424
255534.515445 1425
255536.218598 1426
259137.289962 1427
259137.649738 1428
259138.009477 1429
259138.369181 1430
255452.686101 1431
255454.646538 1432
255456.606779 1433
253636.259462 1434
253639.131741 1435
253642.003733 1436
253644.881963 1437
253647.76821 1438
255052.373023 1439
255054.32879 1440
253021.48591 1441
254417.195625 1442
254419.169708 1443
252815.297802 1444
254384.090457 1445
257447.65749 1446
257448.150025 1447
257448.642511 1448
254812.623282 1449
257983.818898 1450
257983.992617 1451
254459.249453 1452
253077.126879 1453
252483.315868 1454
252487.538239 1455
252491.760188 1456
252495.981715 1457
253067.478161 1458
253070.347316 1459
254755.420153 1460
254757.095014 1461
254758.769706 1462
257826.566173 1463
257826.841418 1464
257827.116635 1465
254596.850242 1466
254598.564159 1467
252525.438317 1468
252528.633674 1469
252531.83406 1470
252535.036778 1471
252735.801422 1472
252740.276516 1473
252744.766791 1474
252749.256616 1475
252753.753037 1476
252758.268136 1477
252762.789011 1478
254465.245393 1479
252277.014641 1480
252583.343965 1481
253569.855211 1482
256089.668648 1483
253838.652487 1484
252560.479336 1485
252564.107189 1486
252960.706173 1487
252965.550004 1488
255490.412087 1489
255496.243746 1490
255502.08302 1491
252949.739315 1492
252226.96402 1493
253239.687388 1494
253241.931218 1495
252416.932948 1496
252420.400304 1497
253710.625458 1498
253712.748895 1499
252303.021163 1500
252306.52276 1501
252310.024007 1502
252313.524904 1503
252747.098611 1504
252751.502601 1505
252785.991889 1506
252789.25719 1507
252792.522165 1508
252795.786813 1509
252799.051134 1510
254203.482955 1511
254205.431708 1512
254207.380266 1513
254209.328628 1514
254211.276797 1515
254213.22477 1516
254215.172548 1517
254217.120132 1518
252581.94405 1519
253530.240341 1520
252142.561508 1521
252145.917458 1522
252149.282603 1523
252152.647575 1524
252156.019171 1525
252159.399818 1526
252162.787778 1527
252166.1754 1528
253553.619128 1529
253555.826166 1530
253558.032984 1531
252345.159457 1532
252348.696841 1533
252352.233872 1534
252355.77055 1535
252516.441877 1536
252520.994233 1537
252525.546135 1538
255091.674594 1539
253046.226628 1540
252152.555796 1541
252381.375013 1542
252385.674386 1543
252389.986418 1544
252394.308175 1545
252398.635544 1546
252402.96248 1547
252407.288984 1548
252110.779573 1549
252114.035652 1550
253852.569886 1551
252066.843955 1552
252069.673168 1553
251820.651454 1554
251809.94446 1555
251813.131364 1556
251907.504527 1557
251666.036528 1558
251772.851615 1559
252187.645861 1560
252190.415552 1561
254480.597876 1562
254481.803214 1563
252319.277329 1564
252322.0173 1565
252324.761185 1566
252327.508607 1567
252330.258998 1568
254631.293904 1569
254632.519972 1570
254633.745918 1571
254634.971741 1572
254636.197442 1573
254637.42302 1574
254638.648476 1575
252877.083779 1576
252879.563969 1577
252882.043912 1578
252884.523606 1579
252887.003053 1580
255328.536405 1581
255329.62215 1582
255330.707787 1583
255331.793316 1584
259250.784543 1585
259250.653563 1586
259250.530789 1587
259250.419834 1588
259250.308891 1589
255363.345599 1590
255364.500307 1591
255365.656755 1592
253032.716406 1593
253035.413032 1594
254282.111402 1595
252418.506874 1596
252421.240921 1597
252021.973921 1598
252026.142621 1599
252030.310903 1600
252034.478768 1601
252127.552843 1602
251929.890018 1603
251933.877825 1604
251937.868025 1605
252195.45012 1606
251718.022365 1607
251721.942259 1608
251725.867299 1609
251729.794508 1610
253268.641907 1611
251829.437817 1612
251833.349068 1613
252771.328767 1614
255616.185094 1615
255621.47907 1616
255626.772517 1617
252530.382883 1618
255039.236563 1619
259137.07553 1620
254968.095882 1621
252400.441716 1622
254795.56399 1623
252592.31267 1624
252596.50553 1625
252600.697972 1626
254125.299011 1627
254130.098472 1628
254134.897453 1629
252178.791888 1630
252182.572099 1631
252186.351933 1632
253360.880718 1633
252107.306217 1634
251891.604294 1635
251894.175123 1636
251896.747168 1637
251370.379119 1638
251374.173648 1639
251377.96992 1640
251381.765812 1641
251384.532685 1642
251399.111273 1643
251402.938754 1644
251406.779361 1645
251636.642779 1646
251639.103745 1647
251641.566422 1648
251644.028853 1649
251796.353033 1650
251799.855886 1651
253165.542516 1652
255709.790456 1653
260148.338308 1654
265938.997103 1655
265944.554092 1656
273803.174994 1657
266409.47681 1658
260282.778896 1659
260288.419007 1660
260294.060503 1661
260299.710986 1662
260305.360903 1663
260311.010256 1664
260316.661679 1665
256827.500862 1666
253041.635537 1667
253046.39576 1668
251105.896409 1669
251109.73321 1670
250587.450767 1671
250590.679197 1672
251304.495316 1673
253363.927534 1674
253368.704527 1675
257936.042714 1676
263221.762314 1677
257878.080012 1678
257883.512889 1679
263015.834054 1680
257313.554869 1681
257318.985399 1682
262812.689937 1683
257000.607793 1684
252728.827894 1685
250793.93674 1686
252889.974425 1687
252894.426812 1688
256515.975772 1689
261387.129906 1690
256979.754658 1691
262573.004438 1692
262578.00852 1693
257191.315221 1694
257196.151572 1695
262056.011664 1696
256933.223401 1697
263393.06554 1698
263398.114615 1699
263403.163185 1700
263408.21125 1701
257277.333009 1702
257282.422757 1703
253050.34845 1704
257908.457381 1705
253280.48552 1706
258186.447829 1707
264311.064693 1708
264316.10475 1709
264321.151001 1710
258090.202076 1711
258095.052535 1712
258099.902508 1713
258104.751997 1714
258109.601 1715
258114.449519 1716
264384.457699 1717
259127.171549 1718
254654.395408 1719
254659.171746 1720
250899.225509 1721
248480.683743 1722
250472.310787 1723
250476.475834 1724
250480.640464 1725
248499.383307 1726
247804.325219 1727
247807.226419 1728
247810.133573 1729
247813.045513 1730
248130.897502 1731
248134.455489 1732
248138.01312 1733
248141.570395 1734
250112.18892 1735
253709.943827 1736
250060.648715 1737
250064.694526 1738
253535.209278 1739
253539.794231 1740
253544.378726 1741
258001.152446 1742
252725.765615 1743
252730.386315 1744
249659.44535 1745
253197.723211 1746
253202.386115 1747
253207.053343 1748
258012.640039 1749
265045.30149 1750
265050.033337 1751
260423.108694 1752
260427.868312 1753
260432.628201 1754
266304.336557 1755
266308.917142 1756
262819.735034 1757
256457.157684 1758
261971.914091 1759
261976.589712 1760
256106.12558 1761
256110.893644 1762
256115.66123 1763
260923.99732 1764
255833.605676 1765
251489.776459 1766
251494.219958 1767
256462.814771 1768
256467.681065 1769
256472.546873 1770
256477.412194 1771
251655.986345 1772
249466.5922 1773
248031.391552 1774
248145.599193 1775
248147.906109 1776
247879.643206 1777
247883.059118 1778
247886.474688 1779
249490.939759 1780
249494.884981 1781
252189.539461 1782
252193.995782 1783
252198.451657 1784
252202.907087 1785
252207.362071 1786
257063.018596 1787
251967.868876 1788
251972.287363 1789
251976.705408 1790
251981.123012 1791
251985.540173 1792
256306.312417 1793
256310.976558 1794
256315.640234 1795
256320.303442 1796
252439.869612 1797
252444.436794 1798
249291.268513 1799
249295.222359 1800
249299.17581 1801
249303.128865 1802
249307.081525 1803
249311.03379 1804
249314.98566 1805
249318.939385 1806
252869.936222 1807
252874.692731 1808
252879.450335 1809
258344.430622 1810
265680.188995 1811
258356.109874 1812
264261.516887 1813
271061.359174 1814
279312.619405 1815
288431.512634 1816
297868.435929 1817
297870.860069 1818
308227.072923 1819
308228.483908 1820
308229.906539 1821
296636.614385 1822
296639.068195 1823
296641.52176 1824
287964.504577 1825
298415.721101 1826
287920.57078 1827
278310.477518 1828
278314.220142 1829
278317.962392 1830
269700.836776 1831
269705.136565 1832
269709.435923 1833
277454.46294 1834
268329.105095 1835
268333.404056 1836
268337.702587 1837
277896.751586 1838
277900.626983 1839
277904.501992 1840
268399.010809 1841
261927.079327 1842
261931.684491 1843
255673.828718 1844
255678.349408 1845
251489.811162 1846
251494.115454 1847
248495.467484 1848
248499.088609 1849
248502.709372 1850
247565.030834 1851
247568.046203 1852
248333.620474 1853
248335.637932 1854
248337.658741 1855
248339.679348 1856
250110.032424 1857
250111.126293 1858
248072.304732 1859
250159.847613 1860
250160.940969 1861
250162.036147 1862
250163.131216 1863
248229.116414 1864
251109.805346 1865
255356.236141 1866
260712.622314 1867
260710.951389 1868
266030.487069 1869
266027.863892 1870
266025.240977 1871
266022.618325 1872
259539.579039 1873
259538.029353 1874
259536.479821 1875
254583.74309 1876
254583.334586 1877
250601.552647 1878
250602.476963 1879
254622.685288 1880
254622.218989 1881
254621.752738 1882
254621.286533 1883
254620.820375 1884
254620.354263 1885
254619.888198 1886
259970.739904 1887
259969.157044 1888
254906.058326 1889
254905.6849 1890
254905.316503 1891
259990.866721 1892
259989.349106 1893
259987.831643 1894
265180.618773 1895
265178.158084 1896
265175.697641 1897
259317.824465 1898
259316.400555 1899
259314.976787 1900
259313.553162 1901
259312.142492 1902
259310.73435 1903
259309.326349 1904
254568.496086 1905
254568.29915 1906
254568.106193 1907
254567.913255 1908
254567.726524 1909
254567.541324 1910
254567.356143 1911
254567.17098 1912
254566.985836 1913
254566.80071 1914
254566.615603 1915
