87129.9425053
85697.5706975
85348.5506112
85174.941994
85015.2681638
84810.0881469
84523.9325853
84136.6834643
83651.9129211
83102.3863226
82538.9591211
82007.8182529
81535.0913984
81126.9368393
80777.6050167
80476.9247713
80214.5318609
79981.5648878
79771.0476234
79577.7411191
79397.8398822
79228.6607859
79068.3721842
78915.7711906
78770.10433
78630.9245428
78497.9787177
78371.1215461
78250.2524678
78135.2726991
78026.0591295
77922.4516047
77824.2500692
77731.2182828
77643.0913251
77559.5847244
77480.4036908
77405.2514974
77333.8365085
77265.8776743
