91458.0254172
83183.3633171
80280.4554428
79430.5841685
79086.3484843
78883.3235186
78725.2465206
78590.0453991
78474.9426265
78379.2492901
78300.873969
78236.8531052
78184.2518286
78140.6046462
78103.99018
78072.9510792
78046.3842338
78023.4476457
78003.4917844
77986.0108192
77970.6076435
77956.9681376
77944.841778
77934.0268186
77924.3589174
77915.7024342
77907.9438208
77900.9866459
77894.7478847
77889.1551709
77884.1447685
77879.660075
77875.6505068
77872.0706592
77868.8796587
77866.0406496
77863.5203754
77861.2888251
77859.318927
77857.5862775
